# from (http://archives.esac.esa.int/hsa/legacy/ADP/PlanetaryModels/)# freq[GHz]	T_rj[K_rj]
2.0	340.4941
3.0	272.1894
4.0	245.374
5.0	221.9371
6.0	202.8226
7.0	187.9737
8.0	176.7663
9.0	168.4022
10.0	162.1355
11.0	157.3692
12.0	153.6666
13.0	150.7211
14.0	148.3211
15.0	146.325
16.0	144.6352
17.0	143.1812
18.0	141.9135
19.0	140.7982
20.0	139.8058
21.0	138.9209
22.0	138.1253
23.0	137.4111
24.0	136.7659
25.0	136.1869
26.0	135.6636
27.0	135.1935
28.0	134.7708
29.0	134.3879
30.0	134.0456
31.0	133.7352
32.0	133.452
33.0	133.1975
34.0	132.9618
35.0	132.7436
36.0	132.5435
37.0	132.3568
38.0	132.1757
39.0	132.0068
40.0	131.847
41.0	131.6888
42.0	131.5328
43.0	131.3828
44.0	131.2368
45.0	131.0891
46.0	130.9393
47.0	130.7922
48.0	130.6469
49.0	130.5013
50.0	130.3472
51.0	130.1938
52.0	130.0417
53.0	129.8901
54.0	129.7343
55.0	129.5698
56.0	129.4057
57.0	129.2417
58.0	129.0787
59.0	128.9133
60.0	128.7354
61.0	128.5565
62.0	128.3772
63.0	128.1992
64.0	128.0207
65.0	127.8383
66.0	127.6436
67.0	127.4495
68.0	127.2545
69.0	127.0599
70.0	126.8662
71.0	126.6729
72.0	126.4673
73.0	126.257
74.0	126.0485
75.0	125.84
76.0	125.6324
77.0	125.4255
78.0	125.2183
79.0	124.999
80.0	124.7727
81.0	124.548
82.0	124.3243
83.0	124.102
84.0	123.8805
85.0	123.6595
86.0	123.4368
87.0	123.1994
88.0	122.9608
89.0	122.7219
90.0	122.4851
91.0	122.2497
92.0	122.0155
93.0	121.7815
94.0	121.5507
95.0	121.3082
96.0	121.0559
97.0	120.8056
98.0	120.5562
99.0	120.3087
100.0	120.0629
101.0	119.8181
102.0	119.5758
103.0	119.3343
104.0	119.0902
105.0	118.8314
106.0	118.5729
107.0	118.3163
108.0	118.0611
109.0	117.8076
110.0	117.5565
111.0	117.3067
112.0	117.059
113.0	116.8117
114.0	116.5666
115.0	116.3048
116.0	116.0394
117.0	115.7779
118.0	115.516
119.0	115.2585
120.0	115.001
121.0	114.7464
122.0	114.4941
123.0	114.2421
124.0	113.9935
125.0	113.7462
126.0	113.4879
127.0	113.2215
128.0	112.9565
129.0	112.6943
130.0	112.4342
131.0	112.1759
132.0	111.9206
133.0	111.667
134.0	111.4142
135.0	111.1646
136.0	110.9163
137.0	110.6703
138.0	110.4219
139.0	110.162
140.0	109.9027
141.0	109.6447
142.0	109.3901
143.0	109.1374
144.0	108.8867
145.0	108.6379
146.0	108.3912
147.0	108.1468
148.0	107.9041
149.0	107.6636
150.0	107.4245
151.0	107.1882
152.0	106.9417
153.0	106.6876
154.0	106.435
155.0	106.1855
156.0	105.9378
157.0	105.692
158.0	105.448
159.0	105.2063
160.0	104.9674
161.0	104.7298
162.0	104.4949
163.0	104.2607
164.0	104.0292
165.0	103.8
166.0	103.5714
167.0	103.3373
168.0	103.0978
169.0	102.8598
170.0	102.624
171.0	102.3905
172.0	102.1589
173.0	101.9291
174.0	101.7012
175.0	101.4753
176.0	101.2525
177.0	101.0302
178.0	100.8098
179.0	100.5912
180.0	100.3748
181.0	100.1602
182.0	99.9471
183.0	99.7323
184.0	99.5057
185.0	99.28
186.0	99.0551
187.0	98.8329
188.0	98.6128
189.0	98.3946
190.0	98.1786
191.0	97.963
192.0	97.7498
193.0	97.5393
194.0	97.33
195.0	97.1227
196.0	96.9162
197.0	96.7121
198.0	96.5094
199.0	96.3087
200.0	96.1096
201.0	95.9097
202.0	95.7039
203.0	95.4985
204.0	95.2943
205.0	95.0921
206.0	94.8912
207.0	94.6926
208.0	94.4954
209.0	94.2991
210.0	94.1049
211.0	93.9118
212.0	93.7217
213.0	93.5321
214.0	93.3442
215.0	93.1572
216.0	92.9723
217.0	92.7887
218.0	92.6062
219.0	92.4249
220.0	92.246
221.0	92.0662
222.0	91.8832
223.0	91.7015
224.0	91.5215
225.0	91.3426
226.0	91.1639
227.0	90.9874
228.0	90.8128
229.0	90.6391
230.0	90.4662
231.0	90.2948
232.0	90.1251
233.0	89.956
234.0	89.7889
235.0	89.622
236.0	89.4567
237.0	89.2933
238.0	89.1302
239.0	88.9687
240.0	88.8076
241.0	88.6481
242.0	88.4896
243.0	88.3301
244.0	88.1667
245.0	88.004
246.0	87.842
247.0	87.6813
248.0	87.5219
249.0	87.3631
250.0	87.206
251.0	87.0497
252.0	86.8946
253.0	86.7406
254.0	86.5874
255.0	86.435
256.0	86.2843
257.0	86.134
258.0	85.9846
259.0	85.8363
260.0	85.6902
261.0	85.5437
262.0	85.3981
263.0	85.2539
264.0	85.1103
265.0	84.9679
266.0	84.8262
267.0	84.682
268.0	84.5318
269.0	84.3818
270.0	84.2324
271.0	84.0838
272.0	83.9374
273.0	83.7903
274.0	83.6451
275.0	83.5017
276.0	83.3581
277.0	83.2155
278.0	83.074
279.0	82.9333
280.0	82.7932
281.0	82.6544
282.0	82.5167
283.0	82.3789
284.0	82.2426
285.0	82.107
286.0	81.972
287.0	81.838
288.0	81.7053
289.0	81.5725
290.0	81.4408
291.0	81.3093
292.0	81.1793
293.0	81.0487
294.0	80.9139
295.0	80.778
296.0	80.6427
297.0	80.5088
298.0	80.375
299.0	80.2423
300.0	80.1099
301.0	79.9778
302.0	79.8468
303.0	79.7162
304.0	79.5868
305.0	79.4575
306.0	79.3287
307.0	79.2006
308.0	79.0724
309.0	78.9455
310.0	78.8182
311.0	78.6912
312.0	78.5647
313.0	78.4381
314.0	78.3119
315.0	78.1859
316.0	78.0597
317.0	77.9336
318.0	77.8067
319.0	77.68
320.0	77.5525
321.0	77.4241
322.0	77.2939
323.0	77.1587
324.0	77.0203
325.0	76.8806
326.0	76.7381
327.0	76.5923
328.0	76.4437
329.0	76.29
330.0	76.1304
331.0	75.9639
332.0	75.7866
333.0	75.5989
334.0	75.3952
335.0	75.1719
336.0	74.919
337.0	74.6336
338.0	74.2925
339.0	73.8858
340.0	73.3626
341.0	72.6979
342.0	71.7636
343.0	70.4436
344.0	68.3299
345.0	64.7934
346.0	63.51
347.0	66.3245
348.0	68.968
349.0	70.4739
350.0	71.4258
351.0	72.0064
352.0	72.4002
353.0	72.6503
354.0	72.812
355.0	72.9063
356.0	72.9515
357.0	72.9671
358.0	72.956
359.0	72.928
360.0	72.8865
361.0	72.8343
362.0	72.7741
363.0	72.7071
364.0	72.6347
365.0	72.5588
366.0	72.4792
367.0	72.3973
368.0	72.3127
369.0	72.2265
370.0	72.1396
371.0	72.0514
372.0	71.9619
373.0	71.8718
374.0	71.7817
375.0	71.6904
376.0	71.5993
377.0	71.5081
378.0	71.4171
379.0	71.3253
380.0	71.2345
381.0	71.143
382.0	71.0515
383.0	70.9604
384.0	70.8698
385.0	70.7792
386.0	70.6879
387.0	70.5975
388.0	70.5077
389.0	70.4175
390.0	70.3244
391.0	70.2309
392.0	70.1373
393.0	70.0443
394.0	69.9522
395.0	69.8604
396.0	69.7687
397.0	69.6777
398.0	69.5864
399.0	69.4955
400.0	69.4047
401.0	69.3149
402.0	69.225
403.0	69.1354
404.0	69.0463
405.0	68.958
406.0	68.869
407.0	68.7809
408.0	68.6933
409.0	68.6053
410.0	68.5186
411.0	68.4314
412.0	68.344
413.0	68.2581
414.0	68.1723
415.0	68.0858
416.0	68.0
417.0	67.9144
418.0	67.829
419.0	67.7433
420.0	67.6585
421.0	67.5736
422.0	67.489
423.0	67.4042
424.0	67.3193
425.0	67.2348
426.0	67.1499
427.0	67.0643
428.0	66.9771
429.0	66.8885
430.0	66.7988
431.0	66.7088
432.0	66.6187
433.0	66.528
434.0	66.4365
435.0	66.3447
436.0	66.2521
437.0	66.1578
438.0	66.0623
439.0	65.9655
440.0	65.8668
441.0	65.7654
442.0	65.6601
443.0	65.5515
444.0	65.4389
445.0	65.3206
446.0	65.1955
447.0	65.061
448.0	64.9146
449.0	64.7533
450.0	64.5724
451.0	64.366
452.0	64.1252
453.0	63.8367
454.0	63.4816
455.0	63.0313
456.0	62.4334
457.0	61.5988
458.0	60.3932
459.0	58.596
460.0	55.8606
461.0	55.9999
462.0	55.4679
463.0	58.2696
464.0	59.9853
465.0	61.0536
466.0	61.7506
467.0	62.2165
468.0	62.5318
469.0	62.7462
470.0	62.8903
471.0	62.9837
472.0	63.041
473.0	63.072
474.0	63.0832
475.0	63.0793
476.0	63.0638
477.0	63.0395
478.0	63.0081
479.0	62.9708
480.0	62.9291
481.0	62.8839
482.0	62.8354
483.0	62.7846
484.0	62.7317
485.0	62.6773
486.0	62.6212
487.0	62.5641
488.0	62.5062
489.0	62.4472
490.0	62.3877
491.0	62.3279
492.0	62.2675
493.0	62.2069
494.0	62.1459
495.0	62.0844
496.0	62.0229
497.0	61.9611
498.0	61.8994
499.0	61.8378
500.0	61.776
501.0	61.7138
502.0	61.6519
503.0	61.5902
504.0	61.5283
505.0	61.4665
506.0	61.4045
507.0	61.3426
508.0	61.2812
509.0	61.2196
510.0	61.1581
511.0	61.0967
512.0	61.035
513.0	60.9738
514.0	60.9129
515.0	60.852
516.0	60.7906
517.0	60.7284
518.0	60.665
519.0	60.6021
520.0	60.5393
521.0	60.476
522.0	60.4135
523.0	60.3511
524.0	60.2888
525.0	60.2266
526.0	60.1642
527.0	60.1021
528.0	60.04
529.0	59.9777
530.0	59.916
531.0	59.8544
532.0	59.7927
533.0	59.7311
534.0	59.6697
535.0	59.608
536.0	59.5463
537.0	59.4848
538.0	59.4232
539.0	59.3618
540.0	59.3
541.0	59.2382
542.0	59.176
543.0	59.1136
544.0	59.0516
545.0	58.9888
546.0	58.9255
547.0	58.8622
548.0	58.7985
549.0	58.7343
550.0	58.669
551.0	58.6031
552.0	58.5366
553.0	58.4682
554.0	58.3988
555.0	58.3281
556.0	58.2551
557.0	58.1793
558.0	58.1003
559.0	58.0183
560.0	57.9319
561.0	57.8398
562.0	57.7411
563.0	57.633
564.0	57.5127
565.0	57.3772
566.0	57.2213
567.0	57.0381
568.0	56.8176
569.0	56.5455
570.0	56.2049
571.0	55.7534
572.0	55.1422
573.0	54.2493
574.0	52.8545
575.0	50.6863
576.0	52.7784
577.0	49.4781
578.0	51.6956
579.0	53.2602
580.0	54.2964
581.0	54.9834
582.0	55.4433
583.0	55.7478
584.0	55.9473
585.0	56.0801
586.0	56.1686
587.0	56.2267
588.0	56.2647
589.0	56.2841
590.0	56.2901
591.0	56.2866
592.0	56.2755
593.0	56.2585
594.0	56.2369
595.0	56.2108
596.0	56.1813
597.0	56.149
598.0	56.1148
599.0	56.0787
600.0	56.041
601.0	56.0025
602.0	55.9627
603.0	55.9221
604.0	55.8808
605.0	55.8389
606.0	55.7965
607.0	55.7532
608.0	55.7098
609.0	55.666
610.0	55.622
611.0	55.5776
612.0	55.5329
613.0	55.4883
614.0	55.4436
615.0	55.3987
616.0	55.3537
617.0	55.3084
618.0	55.2633
619.0	55.2183
620.0	55.173
621.0	55.1277
622.0	55.0825
623.0	55.0371
624.0	54.9915
625.0	54.9465
626.0	54.9016
627.0	54.8565
628.0	54.8114
629.0	54.7664
630.0	54.7214
631.0	54.6763
632.0	54.6312
633.0	54.5862
634.0	54.5412
635.0	54.4963
636.0	54.4514
637.0	54.4064
638.0	54.3617
639.0	54.3167
640.0	54.2719
641.0	54.2273
642.0	54.1825
643.0	54.1375
644.0	54.0927
645.0	54.0479
646.0	54.0031
647.0	53.9584
648.0	53.9135
649.0	53.8687
650.0	53.8239
651.0	53.779
652.0	53.7338
653.0	53.6889
654.0	53.6438
655.0	53.5985
656.0	53.5534
657.0	53.5079
658.0	53.4621
659.0	53.4162
660.0	53.3703
661.0	53.3236
662.0	53.2769
663.0	53.2301
664.0	53.1826
665.0	53.1345
666.0	53.086
667.0	53.0368
668.0	52.9867
669.0	52.9354
670.0	52.883
671.0	52.8293
672.0	52.7739
673.0	52.7161
674.0	52.656
675.0	52.5932
676.0	52.526
677.0	52.4532
678.0	52.3746
679.0	52.2893
680.0	52.1917
681.0	52.0789
682.0	51.9487
683.0	51.7977
684.0	51.5977
685.0	51.342
686.0	51.0138
687.0	50.5796
688.0	49.905
689.0	48.973
690.0	47.5183
691.0	49.3962
692.0	48.5858
693.0	47.5205
694.0	48.933
695.0	49.772
696.0	50.3065
697.0	50.654
698.0	50.876
699.0	51.0413
700.0	51.1581
701.0	51.2283
702.0	51.2742
703.0	51.3043
704.0	51.3204
705.0	51.3233
706.0	51.3204
707.0	51.3121
708.0	51.2973
709.0	51.2789
710.0	51.2579
711.0	51.2346
712.0	51.2093
713.0	51.1822
714.0	51.1542
715.0	51.1242
716.0	51.0933
717.0	51.0617
718.0	51.0296
719.0	50.997
720.0	50.964
721.0	50.9302
722.0	50.8963
723.0	50.8619
724.0	50.8273
725.0	50.7926
726.0	50.7574
727.0	50.7223
728.0	50.6871
729.0	50.6518
730.0	50.6162
731.0	50.5806
732.0	50.5448
733.0	50.5091
734.0	50.4733
735.0	50.4373
736.0	50.4014
737.0	50.3654
738.0	50.3293
739.0	50.2932
740.0	50.257
741.0	50.2209
742.0	50.185
743.0	50.1492
744.0	50.1131
745.0	50.077
746.0	50.0408
747.0	50.0046
748.0	49.9687
749.0	49.9326
750.0	49.8965
751.0	49.8606
752.0	49.8243
753.0	49.7879
754.0	49.7513
755.0	49.7145
756.0	49.6774
757.0	49.6404
758.0	49.6035
759.0	49.5668
760.0	49.5298
761.0	49.4928
762.0	49.4557
763.0	49.4188
764.0	49.3819
765.0	49.3451
766.0	49.3081
767.0	49.2711
768.0	49.2339
769.0	49.1969
770.0	49.1601
771.0	49.1229
772.0	49.0856
773.0	49.0481
774.0	49.0103
775.0	48.9728
776.0	48.935
777.0	48.8969
778.0	48.8587
779.0	48.8202
780.0	48.7816
781.0	48.7422
782.0	48.7026
783.0	48.6623
784.0	48.6213
785.0	48.58
786.0	48.5378
787.0	48.4945
788.0	48.4495
789.0	48.4033
790.0	48.3551
791.0	48.304
792.0	48.2509
793.0	48.1926
794.0	48.1296
795.0	48.0622
796.0	47.9815
797.0	47.8917
798.0	47.7862
799.0	47.6497
800.0	47.4909
801.0	47.2646
802.0	46.9503
803.0	46.5641
804.0	45.9036
805.0	44.9358
806.0	44.6129
807.0	48.245
808.0	44.4495
809.0	45.5496
810.0	46.1854
811.0	46.6261
812.0	46.8817
813.0	47.0412
814.0	47.1441
815.0	47.2097
816.0	47.2506
817.0	47.2754
818.0	47.2901
819.0	47.2938
820.0	47.2898
821.0	47.2801
822.0	47.2662
823.0	47.2488
824.0	47.2291
825.0	47.208
826.0	47.1847
827.0	47.1606
828.0	47.1356
829.0	47.1094
830.0	47.0829
831.0	47.0555
832.0	47.0276
833.0	46.9993
834.0	46.9705
835.0	46.9416
836.0	46.9122
837.0	46.8828
838.0	46.8533
839.0	46.8232
840.0	46.7931
841.0	46.7629
842.0	46.7327
843.0	46.7024
844.0	46.6718
845.0	46.6412
846.0	46.6106
847.0	46.58
848.0	46.5495
849.0	46.5186
850.0	46.4877
851.0	46.4571
852.0	46.426
853.0	46.3953
854.0	46.3645
855.0	46.3336
856.0	46.3028
857.0	46.272
858.0	46.2413
859.0	46.2107
860.0	46.18
861.0	46.1491
862.0	46.1182
863.0	46.0876
864.0	46.0566
865.0	46.0259
866.0	45.9949
867.0	45.964
868.0	45.9334
869.0	45.9028
870.0	45.8721
871.0	45.8414
872.0	45.8107
873.0	45.7799
874.0	45.7492
875.0	45.7186
876.0	45.6879
877.0	45.6572
878.0	45.6266
879.0	45.5959
880.0	45.5653
881.0	45.5345
882.0	45.5037
883.0	45.473
884.0	45.4423
885.0	45.4115
886.0	45.3807
887.0	45.3496
888.0	45.3186
889.0	45.2877
890.0	45.2568
891.0	45.2258
892.0	45.1945
893.0	45.163
894.0	45.1315
895.0	45.0999
896.0	45.0677
897.0	45.0356
898.0	45.0034
899.0	44.9707
900.0	44.9378
901.0	44.9039
902.0	44.8696
903.0	44.8349
904.0	44.7994
905.0	44.7626
906.0	44.7242
907.0	44.685
908.0	44.6427
909.0	44.5981
910.0	44.5495
911.0	44.4955
912.0	44.4331
913.0	44.3677
914.0	44.2846
915.0	44.1865
916.0	44.0605
917.0	43.8893
918.0	43.638
919.0	43.2346
920.0	42.6189
921.0	41.8128
922.0	46.4935
923.0	42.0336
924.0	42.825
925.0	43.2699
926.0	43.5237
927.0	43.6728
928.0	43.7646
929.0	43.823
930.0	43.8575
931.0	43.8767
932.0	43.8857
933.0	43.8844
934.0	43.8794
935.0	43.8681
936.0	43.8546
937.0	43.8383
938.0	43.8197
939.0	43.7998
940.0	43.7783
941.0	43.7559
942.0	43.7327
943.0	43.709
944.0	43.6848
945.0	43.6601
946.0	43.6351
947.0	43.6101
948.0	43.5847
949.0	43.559
950.0	43.5331
951.0	43.507
952.0	43.4807
953.0	43.4543
954.0	43.428
955.0	43.4017
956.0	43.3752
957.0	43.3486
958.0	43.3219
959.0	43.2951
960.0	43.2683
961.0	43.2416
962.0	43.2148
963.0	43.1879
964.0	43.1611
965.0	43.1343
966.0	43.1074
967.0	43.0805
968.0	43.0536
969.0	43.0267
970.0	42.9999
971.0	42.973
972.0	42.9463
973.0	42.9209
974.0	43.8102
975.0	43.5494
976.0	42.8402
977.0	42.8125
978.0	42.7857
979.0	42.7589
980.0	42.7321
981.0	42.7053
982.0	42.6785
983.0	42.6517
984.0	42.6248
985.0	42.5981
986.0	42.5713
987.0	42.5449
988.0	42.5178
989.0	42.4912
990.0	42.4647
991.0	42.438
992.0	42.4112
993.0	42.3844
994.0	42.3579
995.0	42.3315
996.0	42.3049
997.0	42.2782
998.0	42.2459
999.0	42.212
1000.0	42.1982
1001.0	42.1717
1002.0	42.1452
1003.0	42.1187
1004.0	42.0922
1005.0	42.0657
1006.0	42.0392
1007.0	42.0125
1008.0	41.9859
1009.0	41.9591
1010.0	41.9322
1011.0	41.9052
1012.0	41.8783
1013.0	41.8513
1014.0	41.8239
1015.0	41.7966
1016.0	41.7687
1017.0	41.7407
1018.0	41.7122
1019.0	41.6835
1020.0	41.6542
1021.0	41.6241
1022.0	41.5935
1023.0	41.5615
1024.0	41.5283
1025.0	41.4933
1026.0	41.4559
1027.0	41.4151
1028.0	41.3695
1029.0	41.3169
1030.0	41.2548
1031.0	41.18
1032.0	41.0813
1033.0	40.9426
1034.0	40.7373
1035.0	40.391
1036.0	39.8392
1037.0	44.3712
1038.0	39.8914
1039.0	40.3518
1040.0	40.6096
1041.0	40.7717
1042.0	40.8506
1043.0	40.8942
1044.0	40.9166
1045.0	40.9231
1046.0	40.9219
1047.0	40.9179
1048.0	40.9084
1049.0	40.8952
1050.0	40.8804
1051.0	40.8622
1052.0	40.8435
1053.0	40.8238
1054.0	40.8028
1055.0	40.7818
1056.0	40.7602
1057.0	40.7378
1058.0	40.7155
1059.0	40.693
1060.0	40.6704
1061.0	40.6476
1062.0	40.6274
1063.0	41.6185
1064.0	40.5798
1065.0	40.5539
1066.0	40.5302
1067.0	40.5062
1068.0	40.4825
1069.0	40.4587
1070.0	40.435
1071.0	40.4114
1072.0	40.3875
1073.0	40.3634
1074.0	40.3395
1075.0	40.3156
1076.0	40.2915
1077.0	40.2679
1078.0	40.2436
1079.0	40.2198
1080.0	40.196
1081.0	40.1723
1082.0	40.1486
1083.0	40.1248
1084.0	40.1011
1085.0	40.0775
1086.0	40.0539
1087.0	40.03
1088.0	40.0063
1089.0	39.9826
1090.0	39.9591
1091.0	39.9352
1092.0	39.9118
1093.0	39.8879
1094.0	39.8643
1095.0	39.8406
1096.0	39.8174
1097.0	40.661
1098.0	39.7774
1099.0	39.7463
1100.0	39.7227
1101.0	39.6992
1102.0	39.6755
1103.0	39.6521
1104.0	39.6284
1105.0	39.6048
1106.0	39.5814
1107.0	39.5579
1108.0	39.5343
1109.0	39.5109
1110.0	39.4874
1111.0	39.4638
1112.0	39.4408
1113.0	40.0096
1114.0	39.4649
1115.0	39.3703
1116.0	39.3465
1117.0	39.3231
1118.0	39.2998
1119.0	39.2762
1120.0	39.2527
1121.0	39.2293
1122.0	39.2059
1123.0	39.1825
1124.0	39.1591
1125.0	39.1361
1126.0	39.1127
1127.0	39.0887
1128.0	39.0652
1129.0	39.0415
1130.0	39.018
1131.0	38.9941
1132.0	38.9703
1133.0	38.9463
1134.0	38.9219
1135.0	38.8975
1136.0	38.8725
1137.0	38.8474
1138.0	38.8215
1139.0	38.7953
1140.0	38.7684
1141.0	38.7403
1142.0	38.7106
1143.0	38.6786
1144.0	38.6437
1145.0	38.6036
1146.0	38.5582
1147.0	38.5001
1148.0	38.4258
1149.0	38.319
1150.0	38.1461
1151.0	38.7397
1152.0	42.0624
1153.0	38.0394
1154.0	38.0649
1155.0	38.1831
1156.0	38.2437
1157.0	38.2789
1158.0	38.2942
1159.0	38.2922
1160.0	38.2859
1161.0	38.2758
1162.0	38.2636
1163.0	39.0684
1164.0	38.2305
1165.0	38.212
1166.0	38.1936
1167.0	38.1743
1168.0	38.1544
1169.0	38.1345
1170.0	38.1141
1171.0	38.0935
1172.0	38.0727
1173.0	38.0519
1174.0	38.0305
1175.0	38.0095
1176.0	37.9883
1177.0	37.9692
1178.0	37.9455
1179.0	37.9242
1180.0	37.9026
1181.0	37.8811
1182.0	37.8598
1183.0	37.8393
1184.0	37.8166
1185.0	37.7952
1186.0	37.7736
1187.0	37.752
1188.0	37.7303
1189.0	37.7089
1190.0	37.687
1191.0	37.6658
1192.0	37.6443
1193.0	37.6226
1194.0	37.6008
1195.0	37.5794
1196.0	37.5579
1197.0	37.536
1198.0	37.5147
1199.0	37.493
1200.0	37.4715
1201.0	37.4499
1202.0	37.4285
1203.0	37.4069
1204.0	37.3853
1205.0	37.3638
1206.0	37.3422
1207.0	37.3228
1208.0	37.5218
1209.0	37.2779
1210.0	37.2562
1211.0	37.2349
1212.0	37.2135
1213.0	37.1921
1214.0	37.171
1215.0	37.1494
1216.0	37.1284
1217.0	37.1069
1218.0	37.0858
1219.0	37.0645
1220.0	37.043
1221.0	37.0221
1222.0	37.0006
1223.0	36.9794
1224.0	36.958
1225.0	36.9366
1226.0	36.9155
1227.0	36.8941
1228.0	36.8736
1229.0	37.2535
1230.0	36.83
1231.0	36.8083
1232.0	36.7869
1233.0	36.7655
1234.0	36.744
1235.0	36.7223
1236.0	36.7006
1237.0	36.6789
1238.0	36.6573
1239.0	36.6379
1240.0	37.4277
1241.0	36.5924
1242.0	36.5681
1243.0	36.5446
1244.0	36.521
1245.0	36.4971
1246.0	36.4726
1247.0	36.4468
1248.0	36.4199
1249.0	36.3911
1250.0	36.3601
1251.0	36.3257
1252.0	36.2864
1253.0	36.2391
1254.0	36.1789
1255.0	36.091
1256.0	36.8593
1257.0	36.0466
1258.0	36.0839
1259.0	36.0991
1260.0	36.0979
1261.0	36.0851
1262.0	36.0628
1263.0	36.0277
1264.0	35.9798
1265.0	35.9019
1266.0	35.789
1267.0	39.4401
1268.0	35.7638
1269.0	35.829
1270.0	35.8725
1271.0	35.8923
1272.0	35.8935
1273.0	35.8923
1274.0	35.8846
1275.0	35.8723
1276.0	35.8581
1277.0	35.8422
1278.0	35.8256
1279.0	35.8079
1280.0	35.7898
1281.0	35.7716
1282.0	35.7531
1283.0	35.7343
1284.0	35.7151
1285.0	35.6959
1286.0	35.6765
1287.0	35.6571
1288.0	35.6377
1289.0	35.6182
1290.0	35.5984
1291.0	35.5788
1292.0	35.5593
1293.0	35.5395
1294.0	35.5196
1295.0	35.5001
1296.0	35.4805
1297.0	35.4606
1298.0	35.4407
1299.0	35.421
1300.0	35.4015
1301.0	35.3813
1302.0	35.3616
1303.0	35.3419
1304.0	35.3222
1305.0	35.3021
1306.0	35.2825
1307.0	35.2628
1308.0	35.2429
1309.0	35.2234
1310.0	35.2041
1311.0	35.1839
1312.0	35.1646
1313.0	35.1447
1314.0	35.1253
1315.0	35.1055
1316.0	35.0863
1317.0	35.0666
1318.0	35.047
1319.0	35.0275
1320.0	35.0078
1321.0	34.9884
1322.0	34.9783
1323.0	34.9493
1324.0	34.9297
1325.0	34.9104
1326.0	34.8907
1327.0	34.8721
1328.0	35.54
1329.0	34.8404
1330.0	34.8132
1331.0	34.7935
1332.0	34.7739
1333.0	34.7549
1334.0	34.7349
1335.0	34.7158
1336.0	34.6965
1337.0	34.6771
1338.0	34.6574
1339.0	34.638
1340.0	34.619
1341.0	34.5995
1342.0	34.5801
1343.0	34.5607
1344.0	34.5415
1345.0	34.522
1346.0	34.5027
1347.0	34.4834
1348.0	34.4642
1349.0	34.445
1350.0	34.4254
1351.0	34.4062
1352.0	34.3868
1353.0	34.3678
1354.0	34.3484
1355.0	34.3292
1356.0	34.31
1357.0	34.2906
1358.0	34.2713
1359.0	34.2522
1360.0	34.2329
1361.0	34.2137
1362.0	34.1946
1363.0	34.1756
1364.0	34.1564
1365.0	34.137
1366.0	34.1179
1367.0	34.0984
1368.0	34.0791
1369.0	34.0596
1370.0	34.04
1371.0	34.0201
1372.0	34.0002
1373.0	33.9799
1374.0	33.959
1375.0	33.9375
1376.0	33.9147
1377.0	33.8901
1378.0	33.8626
1379.0	33.8294
1380.0	33.788
1381.0	33.7421
1382.0	36.7742
1383.0	33.7134
1384.0	33.7127
1385.0	33.7184
1386.0	33.7133
1387.0	33.7033
1388.0	33.6899
1389.0	33.675
1390.0	33.659
1391.0	33.6424
1392.0	33.6254
1393.0	33.6082
1394.0	33.5904
1395.0	33.5721
1396.0	33.5541
1397.0	33.5362
1398.0	33.518
1399.0	33.4998
1400.0	33.4814
1401.0	33.463
1402.0	33.4447
1403.0	33.4264
1404.0	33.4081
1405.0	33.3895
1406.0	33.371
1407.0	33.3528
1408.0	33.3346
1409.0	33.3159
1410.0	33.3145
1411.0	33.571
1412.0	33.2608
1413.0	33.2424
1414.0	33.2241
1415.0	33.2063
1416.0	33.1921
1417.0	33.7316
1418.0	33.1519
1419.0	33.1332
1420.0	33.1152
1421.0	33.0968
1422.0	33.0787
1423.0	33.0606
1424.0	33.0424
1425.0	33.0246
1426.0	33.0061
1427.0	32.988
1428.0	32.9701
1429.0	32.9521
1430.0	32.9338
1431.0	32.9157
1432.0	32.8976
1433.0	32.8796
1434.0	32.8614
1435.0	32.8435
1436.0	32.8255
1437.0	32.8072
1438.0	32.7893
1439.0	32.7714
1440.0	32.7534
1441.0	32.7361
1442.0	32.7171
1443.0	32.6992
1444.0	32.6816
1445.0	32.6639
1446.0	32.6451
1447.0	32.6275
1448.0	32.6097
1449.0	32.5917
1450.0	32.5736
1451.0	32.5556
1452.0	32.5379
1453.0	32.5201
1454.0	32.5022
1455.0	32.4842
1456.0	32.4663
1457.0	32.4484
1458.0	32.4307
1459.0	32.4129
1460.0	32.395
1461.0	32.3769
1462.0	32.3594
1463.0	32.3417
1464.0	32.3237
1465.0	32.3058
1466.0	32.2881
1467.0	32.2704
1468.0	32.2526
1469.0	32.2348
1470.0	32.2172
1471.0	32.1997
1472.0	32.182
1473.0	32.1651
1474.0	32.1469
1475.0	32.1293
1476.0	32.1117
1477.0	32.0942
1478.0	32.0765
1479.0	32.0589
1480.0	32.0416
1481.0	32.0237
1482.0	32.0061
1483.0	31.9887
1484.0	31.9707
1485.0	31.9531
1486.0	31.9354
1487.0	31.9174
1488.0	31.8994
1489.0	31.8815
1490.0	31.8629
1491.0	31.8442
1492.0	31.8248
1493.0	31.8043
1494.0	31.7822
1495.0	31.7575
1496.0	31.7502
1497.0	34.1257
1498.0	31.7025
1499.0	31.6894
1500.0	31.679
1501.0	31.6656
1502.0	31.6515
1503.0	31.6363
1504.0	31.6211
1505.0	32.0497
1506.0	31.5886
1507.0	31.5709
1508.0	31.554
1509.0	31.5369
1510.0	31.5199
1511.0	31.5028
1512.0	31.4861
1513.0	31.4689
1514.0	31.4515
1515.0	31.4353
1516.0	31.4174
1517.0	31.4014
1518.0	31.3832
1519.0	31.3661
1520.0	31.349
1521.0	31.3319
1522.0	31.3147
1523.0	31.2975
1524.0	31.2805
1525.0	31.2635
1526.0	31.2463
1527.0	31.2292
1528.0	31.2124
1529.0	31.1953
1530.0	31.1785
1531.0	31.1616
1532.0	31.1445
1533.0	31.1277
1534.0	31.1104
1535.0	31.0939
1536.0	31.0769
1537.0	31.0598
1538.0	31.0429
1539.0	31.0262
1540.0	31.0089
1541.0	30.9922
1542.0	30.9772
1543.0	30.958
1544.0	30.9413
1545.0	30.9243
1546.0	30.9074
1547.0	30.8905
1548.0	30.8732
1549.0	30.8563
1550.0	30.8392
1551.0	30.822
1552.0	30.805
1553.0	30.7877
1554.0	30.7703
1555.0	30.753
1556.0	30.7354
1557.0	30.7177
1558.0	30.6997
1559.0	30.6815
1560.0	30.6629
1561.0	30.6437
1562.0	30.624
1563.0	30.6031
1564.0	30.5807
1565.0	30.5562
1566.0	30.5283
1567.0	30.495
1568.0	30.4531
1569.0	31.2403
1570.0	30.6674
1571.0	30.4118
1572.0	30.4182
1573.0	30.4162
1574.0	30.4101
1575.0	30.4005
1576.0	30.3892
1577.0	30.3763
1578.0	30.3627
1579.0	30.3484
1580.0	30.3337
1581.0	30.3185
1582.0	30.3034
1583.0	30.2877
1584.0	30.2719
1585.0	30.2561
1586.0	30.2404
1587.0	30.2242
1588.0	30.2082
1589.0	30.1924
1590.0	30.1765
1591.0	30.1603
1592.0	30.1442
1593.0	30.4581
1594.0	30.1741
1595.0	30.0972
1596.0	30.0797
1597.0	30.0634
1598.0	30.0472
1599.0	30.0311
1600.0	30.0148
1601.0	29.9987
1602.0	30.3043
1603.0	29.9676
1604.0	29.9492
1605.0	29.9329
1606.0	29.9167
1607.0	29.8997
1608.0	29.8825
1609.0	29.8649
1610.0	29.8471
1611.0	29.8603
1612.0	31.6237
1613.0	29.8012
1614.0	29.7836
1615.0	29.7689
1616.0	29.754
1617.0	29.7388
1618.0	29.7234
1619.0	29.7081
1620.0	29.6922
1621.0	29.6763
1622.0	29.6603
1623.0	29.6443
1624.0	29.6283
1625.0	29.6123
1626.0	29.5966
1627.0	29.5806
1628.0	29.5648
1629.0	29.5486
1630.0	29.5326
1631.0	29.5167
1632.0	29.5008
1633.0	29.4848
1634.0	29.4688
1635.0	29.453
1636.0	29.437
1637.0	29.421
1638.0	29.4049
1639.0	29.3892
1640.0	29.3734
1641.0	29.3574
1642.0	29.3416
1643.0	29.3254
1644.0	29.3094
1645.0	29.2938
1646.0	29.278
1647.0	29.262
1648.0	29.2462
1649.0	29.2304
1650.0	29.2145
1651.0	29.1989
1652.0	29.1833
1653.0	29.1677
1654.0	29.1518
1655.0	29.136
1656.0	29.1206
1657.0	29.1048
1658.0	29.089
1659.0	29.0736
1660.0	29.0598
1661.0	30.1537
1662.0	29.0284
1663.0	29.0113
1664.0	28.9954
1665.0	28.9797
1666.0	28.9641
1667.0	28.9483
1668.0	28.933
1669.0	28.9241
1670.0	31.0786
1671.0	28.8909
1672.0	28.8709
1673.0	28.855
1674.0	28.8394
1675.0	28.8241
1676.0	28.8085
1677.0	28.7931
1678.0	28.7774
1679.0	28.7615
1680.0	28.7463
1681.0	28.8225
1682.0	28.963
1683.0	28.7001
1684.0	28.6845
1685.0	28.6688
1686.0	28.6534
1687.0	28.638
1688.0	28.6225
1689.0	28.6072
1690.0	28.5918
1691.0	28.5762
1692.0	28.5606
1693.0	28.5453
1694.0	28.53
1695.0	28.5144
1696.0	28.4992
1697.0	28.4839
1698.0	28.4684
1699.0	28.453
1700.0	28.4376
1701.0	28.4223
1702.0	28.4069
1703.0	28.3916
1704.0	28.3764
1705.0	28.3609
1706.0	28.3455
1707.0	28.33
1708.0	28.3148
1709.0	28.2996
1710.0	28.2845
1711.0	28.2689
1712.0	28.2538
1713.0	28.2384
1714.0	28.226
1715.0	28.2081
1716.0	28.2017
1717.0	29.9727
1718.0	28.1632
1719.0	28.1475
1720.0	28.1323
1721.0	28.1171
1722.0	28.1018
1723.0	28.0865
1724.0	28.0712
1725.0	28.0561
1726.0	28.3402
1727.0	29.1228
1728.0	28.0113
1729.0	27.9958
1730.0	27.9812
1731.0	27.9664
1732.0	27.9518
1733.0	27.937
1734.0	27.9219
1735.0	27.907
1736.0	27.8922
1737.0	27.8773
1738.0	27.8624
1739.0	27.8472
1740.0	27.8324
1741.0	27.8176
1742.0	27.8026
1743.0	27.7878
1744.0	27.7728
1745.0	27.7578
1746.0	27.7429
1747.0	27.7281
1748.0	27.7132
1749.0	27.6983
1750.0	27.6834
1751.0	27.6688
1752.0	27.6541
1753.0	27.6387
1754.0	27.6239
1755.0	27.6091
1756.0	27.5948
1757.0	27.5796
1758.0	27.5647
1759.0	27.5498
1760.0	27.535
1761.0	27.5202
1762.0	27.5362
1763.0	27.4906
1764.0	27.4759
1765.0	27.4612
1766.0	27.4469
1767.0	27.4315
1768.0	27.4168
1769.0	27.4022
1770.0	27.563
1771.0	27.3757
1772.0	27.3583
1773.0	27.3432
1774.0	27.3284
1775.0	27.3135
1776.0	27.2988
1777.0	27.2844
1778.0	27.2696
1779.0	27.2547
1780.0	27.2401
1781.0	27.2256
1782.0	27.2109
1783.0	27.1965
1784.0	27.1819
1785.0	27.1674
1786.0	27.1529
1787.0	27.1381
1788.0	27.1238
1789.0	27.1093
1790.0	27.0948
1791.0	27.0804
1792.0	27.0659
1793.0	27.0513
1794.0	27.0369
1795.0	27.0701
1796.0	27.0078
1797.0	27.0156
1798.0	26.9792
1799.0	26.9647
1800.0	26.9499
1801.0	26.9356
1802.0	26.9213
1803.0	26.9069
1804.0	26.8924
1805.0	26.878
1806.0	26.8636
1807.0	26.8492
1808.0	26.8348
1809.0	26.8205
1810.0	26.806
1811.0	26.7917
1812.0	26.7774
1813.0	26.7628
1814.0	26.7484
1815.0	26.7344
1816.0	26.7201
1817.0	26.7056
1818.0	26.6912
1819.0	26.6771
1820.0	26.6627
1821.0	26.6481
1822.0	26.6338
1823.0	26.6196
1824.0	26.6056
1825.0	26.5913
1826.0	26.5769
1827.0	26.5625
1828.0	26.5482
1829.0	26.534
1830.0	26.5198
1831.0	26.5053
1832.0	26.4912
1833.0	26.477
1834.0	26.4628
1835.0	26.4485
1836.0	26.4342
1837.0	26.4198
1838.0	26.4055
1839.0	26.3914
1840.0	26.3779
1841.0	27.2581
1842.0	26.4303
1843.0	26.3349
1844.0	26.3204
1845.0	26.3062
1846.0	26.292
1847.0	26.2778
1848.0	26.2637
1849.0	26.2496
1850.0	26.2356
1851.0	26.2216
1852.0	26.2072
1853.0	26.193
1854.0	26.179
1855.0	26.1651
1856.0	26.1511
1857.0	26.1369
1858.0	26.2428
1859.0	26.1088
1860.0	26.0944
1861.0	26.0801
1862.0	26.066
1863.0	26.0519
1864.0	26.0377
1865.0	26.0234
1866.0	26.0089
1867.0	25.9949
1868.0	26.2402
1869.0	25.9654
1870.0	25.9506
1871.0	25.9357
1872.0	25.9203
1873.0	25.9049
1874.0	25.8887
1875.0	25.8721
1876.0	25.8545
1877.0	25.8354
1878.0	25.8145
1879.0	25.7907
1880.0	25.7625
1881.0	25.7409
1882.0	27.1692
1883.0	26.3209
1884.0	25.7024
1885.0	25.7027
1886.0	25.7
1887.0	25.6948
1888.0	25.6868
1889.0	25.6773
1890.0	25.6666
1891.0	25.6554
1892.0	25.6434
1893.0	25.631
1894.0	25.6196
1895.0	25.6057
1896.0	25.5927
1897.0	25.5796
1898.0	25.5666
1899.0	25.5531
1900.0	25.5396
1901.0	25.5264
1902.0	25.5129
1903.0	25.4994
1904.0	25.4861
1905.0	25.473
1906.0	25.459
1907.0	25.4454
1908.0	25.432
1909.0	25.4183
1910.0	25.4048
1911.0	25.3912
1912.0	25.3777
1913.0	25.3641
1914.0	25.3506
1915.0	25.337
1916.0	25.3235
1917.0	25.3099
1918.0	25.34
1919.0	25.7631
1920.0	25.2751
1921.0	25.256
1922.0	25.242
1923.0	25.2285
1924.0	25.2151
1925.0	25.2016
1926.0	25.188
1927.0	25.1745
1928.0	25.1613
1929.0	25.1479
1930.0	25.1346
1931.0	25.121
1932.0	25.1074
1933.0	25.094
1934.0	25.0806
1935.0	25.0671
1936.0	25.054
1937.0	25.0406
1938.0	25.0272
1939.0	25.0137
1940.0	25.0002
1941.0	24.9869
1942.0	24.9736
1943.0	24.9602
1944.0	24.9468
1945.0	24.9334
1946.0	24.9984
1947.0	24.9071
1948.0	24.8935
1949.0	24.8802
1950.0	24.8667
1951.0	24.8534
1952.0	24.84
1953.0	24.8267
1954.0	24.8135
1955.0	24.8014
1956.0	25.3829
1957.0	24.7749
1958.0	24.7604
1959.0	24.7471
1960.0	24.7338
1961.0	24.7205
1962.0	24.7072
1963.0	24.6939
1964.0	24.6806
1965.0	24.6675
1966.0	24.6542
1967.0	24.6409
1968.0	24.6279
1969.0	24.6147
1970.0	24.6013
1971.0	24.5881
1972.0	24.575
1973.0	24.5617
1974.0	24.5484
1975.0	24.5352
1976.0	24.5221
1977.0	24.509
1978.0	24.4959
1979.0	24.4828
1980.0	24.4697
1981.0	24.4563
1982.0	24.4431
1983.0	24.43
1984.0	24.4169
1985.0	24.4039
1986.0	24.3929
1987.0	24.3776
1988.0	24.3655
1989.0	24.3515
1990.0	24.3383
1991.0	24.3251
1992.0	24.3119
1993.0	24.2989
1994.0	24.286
1995.0	24.2729
1996.0	24.2598
1997.0	24.2467
1998.0	24.2331
